lastAccountName: Jayandcam
timestamps:
  login: 1588415185788
  logout: 1588415197753
ipAddress: 137.25.144.6
lastlocation:
  world: bskyblock_world
  x: 104.1497995989026
  y: -257.5695502741203
  z: -231.7933141030955
  yaw: 298.2431
  pitch: 8.797493
logoutlocation:
  world: bskyblock_world
  x: 104.0
  y: -258.28882584343165
  z: -232.0
  yaw: 53.527954
  pitch: 44.140274
