lastAccountName: slamdunkasaur_
timestamps:
  login: 1593460489800
  logout: 1593460503943
ipAddress: 104.172.57.34
logoutlocation:
  world: bskyblock_world
  x: 2.67308492556752
  y: -20.80743926235498
  z: -3.647806376108083
  yaw: -1.6500002
  pitch: -9.600001
lastlocation:
  world: Spawn
  x: 75.45296512725645
  y: 201.0
  z: 81.46829706161292
  yaw: -0.14997657
  pitch: 1.4999954
