lastAccountName: casbinnn
timestamps:
  login: 1593464034008
  logout: 1593464909055
ipAddress: 104.172.54.190
lastlocation:
  world: Spawn
  x: 94.82655592088146
  y: 78.0
  z: 90.66041728676457
  yaw: -128.39742
  pitch: 30.349365
money: '50.0'
logoutlocation:
  world: Spawn
  x: 71.92984685478594
  y: 201.0
  z: 79.23750001192093
  yaw: -173.73364
  pitch: 17.3605
