spawns: 
  default: 
    world: Spawn
    x: 75.45296512725645
    y: 201.0
    z: 81.46829706161292
    yaw: -0.14997657
    pitch: 1.4999954
