world: Mines
x: 23.346293830002008
y: 72.0
z: 250.59881490417365
yaw: -139.05429
pitch: 3.3000064
name: Basic
lastowner: 487b7a6f-a456-45cf-a1d2-8409b040edc6
