world: Spawn
x: 67.66602981518366
y: 200.0
z: 73.66197334804001
yaw: -224.88066
pitch: -0.9002122
name: crates
lastowner: 487b7a6f-a456-45cf-a1d2-8409b040edc6
