world: Spawn
x: 83.30000001192093
y: 200.0
z: 73.67188512673296
yaw: -135.02734
pitch: -2.700472
name: Kits
lastowner: 487b7a6f-a456-45cf-a1d2-8409b040edc6
