world: Mines
x: -268.5265581006204
y: 75.0
z: 698.7872552982461
yaw: -42.90515
pitch: 1.3499662
name: Legendary
lastowner: 487b7a6f-a456-45cf-a1d2-8409b040edc6
