world: Mines
x: 49.451927138909724
y: 84.0
z: 426.5863370434768
yaw: -1.3609009
pitch: -0.90016884
name: Rare
lastowner: 487b7a6f-a456-45cf-a1d2-8409b040edc6
